----
65.34540229885057
57.139130434782615
64.59638554216868
66.79630350194552
58.452631578947376
55.88805970149254
62.87139303482587
53.239256678281066
60.67222222222222
60.640221402214024
58.150763358778626
56.69260450160772
58.85816326530612
59.0595238095238
63.48850574712644
57.49630350194552
60.535964912280704
61.47802197802198
58.124025974025955
59.95639097744362
64.87857142857143
61.75706214689265
60.61009389671361
57.91606714628298
61.0246913580247
66.71008403361344
63.05639097744361
62.1248427672956
60.56602316602317
64.17469135802469
65.39626556016597
58.526760563380286
61.43355481727575
69.09102564102565
61.30438247011952
63.9375
64.30952380952381
67.93979591836735
60.04150943396226
58.98273381294965
60.83805970149254
62.920833333333334
63.04016393442623
62.31818181818181
60.65581395348838
59.15438247011952
61.97941176470588
63.10538057742782
62.804832713754635
64.65087336244542
62.307359307359306
62.307359307359306
62.307359307359306
62.307359307359306
62.307359307359306
62.307359307359306
62.307359307359306
62.307359307359306
62.307359307359306
62.307359307359306
62.307359307359306
62.307359307359306
62.307359307359306
62.307359307359306
62.307359307359306
62.307359307359306
62.307359307359306
62.307359307359306
62.307359307359306
62.307359307359306
58.90537634408602
60.213688212927764
57.22802197802198
64.99867256637168
64.58793584379359
65.47702702702703
65.72272727272727
65.71008403361344
62.16541501976285
63.346265560165975
63.502631578947366
59.46645569620253
65.2357142857143
65.01524822695035
60.11064981949458
65.64935649935649
60.142857142857146
57.91606714628298
64.53695652173913
63.55882352941177
63.888059701492544
62.29702154626109
66.3891629297459
69.7560606060606
68.76645569620254
62.50460251046026
65.45735930735931
61.86524822695036
70.52071651090343
61.97435897435898
59.4993564993565
67.52702702702702
60.476923076923086
58.441497975708494
65.68420669577874
58.311355311355314
59.06060606060606
57.30882352941177
59.955380577427825
58.07246376811594
66.38916292974588
63.76645569620253
57.308823529411754
66.00639097744362
61.69149797570851
57.77204724409449
59.90107296137339
58.30592334494774
55.67484276729559
58.87204724409448
56.021839080459756
56.021839080459756
56.021839080459756
56.021839080459756
56.021839080459756
56.021839080459756
56.021839080459756
56.021839080459756
56.021839080459756
56.021839080459756
56.021839080459756
56.021839080459756
56.021839080459756
56.021839080459756
56.021839080459756
56.021839080459756
56.021839080459756
56.021839080459756
56.021839080459756
56.021839080459756
62.6493564993565
62.47183908045977
58.828571428571436
61.92857142857143
62.19338842975206
64.92293577981651
60.89102564102564
60.74630350194553
62.61008403361345
63.873728813559325
60.14626556016597
64.58793584379359
60.043388429752056
58.94338842975206
59.84016393442622
62.319014084507046
66.38550724637682
69.27777777777777
63.576923076923066
59.770833333333336
63.76645569620253
57.050763358778624
60.608133971291856
67.39031007751939
59.21818181818182
60.032733812949644
63.948672566371684
59.154382470119515
71.0547619047619
59.95537634408602
61.400000000000006
62.560256410256414
59.58914728682171
62.560256410256414
54.730519480519476
65.92372881355932
59.961149032992026
59.05952380952381
62.82963683527886
64.57692307692308
63.57971887550201
52.20266240681576
67.64932126696833
67.27672176308539
61.86524822695035
64.40076335877862
64.58793584379359
64.3795988934993
66.7414979757085
58.601413427561845
57.460093896713616
57.460093896713616
57.460093896713616
57.460093896713616
57.460093896713616
57.460093896713616
57.460093896713616
57.460093896713616
57.460093896713616
57.460093896713616
57.460093896713616
57.460093896713616
57.460093896713616
57.460093896713616
57.460093896713616
57.460093896713616
57.460093896713616
57.460093896713616
57.460093896713616
57.460093896713616
58.383554817275744
62.45
65.19135802469135
64.69341736694678
63.346265560165975
61.091509433962266
69.26904761904763
63.948672566371684
69.09135802469137
64.88998357963875
65.39626556016597
66.14102564102564
69.33333333333334
64.20107296137338
67.36206896551724
68.24338842975206
68.45
56.74149659863946
58.67659574468085
65.3478102189781
59.891496598639456
64.98979591836734
61.091509433962266
64.22727272727272
58.34978902953586
62.54638554216868
59.68191489361702
63.47802197802197
67.90706214689266
62.77659574468085
69.93191489361703
62.00537634408602
61.066067146282975
61.85231316725978
63.57692307692308
65.60460251046025
61.49638554216868
64.70555555555555
65.09016393442622
62.31818181818181
55.33816604708798
61.09150943396226
59.57676056338028
64.19135802469135
64.21541501976284
59.458823529411774
63.57692307692308
60.75483271375465
57.385964912280706
57.97727272727273
61.87139303482587
61.87139303482587
61.87139303482587
61.87139303482587
61.87139303482587
61.87139303482587
61.87139303482587
61.87139303482587
61.87139303482587
61.87139303482587
61.87139303482587
61.87139303482587
61.87139303482587
61.87139303482587
61.87139303482587
61.87139303482587
61.87139303482587
61.87139303482587
61.87139303482587
61.87139303482587
58.06368821292776
59.139130434782615
68.79024390243902
62.47802197802197
65.39626556016597
59.75360360360361
57.99398315282792
61.006390977443615
65.71008403361344
59.57676056338028
55.73273381294964
66.88059360730594
66.15
65.47183908045977
60.977815699658706
58.23114355231144
65.59638554216868
65.5
61.26368821292776
64.2010729613734
61.46135531135531
58.98273381294965
61.97941176470589
61.30438247011953
62.84024390243903
57.147810218978094
60.49999999999999
63.610093896713614
61.209523809523816
51.797058823529404
62.54638554216868
62.45
58.78898305084746
56.02183908045977
59.14702154626109
55.05592334494773
64.58793584379359
65.09016393442623
60.98870967741935
58.92781569965871
56.706390977443604
59.87191011235956
60.672222222222224
57.239256678281066
56.266888150609084
58.601413427561845
63.08273381294964
55.6175615212528
59.96114903299204
59.96114903299204
63.640221402214024
63.640221402214024
63.640221402214024
63.640221402214024
63.640221402214024
63.640221402214024
63.640221402214024
63.640221402214024
63.640221402214024
63.640221402214024
63.640221402214024
63.640221402214024
63.640221402214024
63.640221402214024
63.640221402214024
63.640221402214024
63.640221402214024
63.640221402214024
63.640221402214024
63.640221402214024
60.213688212927764
59.87857142857142
56.56274509803921
56.416023166023166
60.429718875502004
55.27676056338028
62.29626556016598
68.24338842975207
56.6875
57.738983050847466
54.01235431235431
58.452631578947376
61.11541501976285
59.47802197802198
58.90537634408602
58.51688963210702
55.91606714628298
59.62222222222223
62.07204724409449
60.12727272727273
65.30952380952381
64.89024390243904
63.57692307692308
65.03273381294964
55.25
57.460093896713616
61.61602316602317
67.55555555555556
59.87857142857143
61.30151515151515
56.151515151515156
54.08333333333333
59.14150943396226
63.483333333333334
60.42802197802198
58.770270270270274
60.72357723577236
58.452631578947376
54.80076335877862
64.17469135802469
61.788166047087984
58.151515151515156
60.18913043478261
61.97312925170068
63.400763358778626
59.770833333333336
57.13913043478261
62.82963683527886
62.09135802469136
55.18355481727575
64.12204724409449
64.12204724409449
64.12204724409449
64.12204724409449
64.12204724409449
64.12204724409449
64.12204724409449
64.12204724409449
64.12204724409449
64.12204724409449
64.12204724409449
64.12204724409449
64.12204724409449
64.12204724409449
64.12204724409449
64.12204724409449
64.12204724409449
64.12204724409449
64.12204724409449
64.12204724409449
61.04794520547945
60.1078431372549
54.69794520547945
61.209523809523816
54.46190476190475
54.69794520547944
57.16666666666667
61.17727272727273
59.346385542168676
61.61602316602317
62.45
53.48273381294964
57.460093896713616
54.811149032992034
61.97941176470589
55.96818181818182
61.066067146282975
57.99398315282792
56.53805970149253
60.189130434782605
60.35460251046025
60.333333333333336
55.25
54.851515151515144
56.83273381294964
59.891496598639456
58.65087336244542
45.385964912280706
62.54638554216868
59.28531353135314
63.88805970149254
61.92857142857143
60.65581395348837
66.47402597402598
63.5
55.589724310776944
63.730593607305934
57.21818181818182
56.47083333333333
61.17727272727273
58.8375
59.23409669211196
55.589724310776944
58.98273381294965
61.38114355231143
59.72659574468085
62.307359307359306
57.42357723577235
63.31818181818181
59.23409669211196
57.534746760895175
57.534746760895175
57.534746760895175
57.534746760895175
57.534746760895175
57.534746760895175
57.534746760895175
57.534746760895175
57.534746760895175
57.534746760895175
57.534746760895175
57.534746760895175
57.534746760895175
57.534746760895175
57.534746760895175
57.534746760895175
57.534746760895175
57.534746760895175
57.534746760895175
57.534746760895175
61.496385542168674
56.45141342756184
58.311355311355314
57.83870967741936
61.70141342756183
60.23771580345285
64.69341736694678
62.387715803452856
64.06666666666668
56.2891472868217
56.98273381294965
64.84630350194551
57.22692307692307
61.52692307692308
61.381143552311435
66.29338842975206
57.76190476190476
66.98191489361702
58.476923076923086
65.91505139500734
56.60231316725979
66.5
59.705813953488374
60.97191011235955
54.851515151515144
64.31368821292776
59.86274509803922
61.46135531135531
61.52692307692308
57.22802197802198
59.87139303482587
61.543417366946784
57.25877742946708
63.84630350194551
64.75581395348837
64.30151515151515
65.12204724409449
60.032733812949644
65.98979591836735
62.6493564993565
65.67222222222222
65.59638554216866
60.032733812949644
61.066067146282975
56.96368821292776
61.022047244094495
58.601413427561845
62.082733812949634
63.10538057742782
62.16541501976285
