0,8.168175287356322
1,8.3125
2,7.614684466019417
3,7.798012086513995
4,8.63641975308642
5,7.835669191919192
6,7.625672043010753
7,7.35516975308642
8,7.5090059055118115
9,8.33876050420168
10,7.944325313807532
11,7.842687246963562
12,7.1424568965517246
13,6.940861027190332
14,7.348622881355932
15,8.261438679245284
16,7.753413409337677
17,8.140255905511811
18,7.616176470588236
19,7.615238764044944
20,7.822115384615385
21,7.313226744186046
22,7.744405430711611
23,7.886270491803279
24,7.164502895752896
25,6.592280163599182
26,7.819852941176471
27,8.215340909090909
28,7.230020491803279
29,8.211677170868347
30,7.767628205128205
31,7.3359375
32,8.101973684210526
33,8.506845238095238
34,8.148919753086421
35,8.505020491803279
36,7.5371276932826365
37,7.050027870680045
38,6.650157232704403
39,7.59328793774319
40,7.669297808764941
41,7.4718539136302295
42,8.605020491803279
43,7.005423553719009
44,7.822464859437751
45,7.836693548387097
46,8.343985849056605
47,7.452002895752896
48,8.274843544137022
49,6.590174129353234
50,6.844991134751773
51,7.481854838709678
52,6.652272727272727
53,7.274173553719008
54,6.753989361702128
55,7.067927170868348
56,7.185416666666667
57,3.787595419847328
58,4.5036764705882355
59,6.724973628691983
60,2.760341726618705
61,-0.2873233215547699
62,5.029891304347826
63,3.369422043010752
64,-2.508919843597263
65,-2.6185024752475243
66,-2.047583865814696
67,-3.202904929577465
68,-20.250767543859645
69,-18.502450980392158
70,-27.178365384615383
71,-25.540174765558397
72,-30.80814305230289
73,-43.50699626865672
74,-44.47496859296483
75,-39.326755617977526
76,-42.368048916507334
77,-55.194043255131966
78,-45.765578358208955
79,-62.25
85,-56.24376130198915
86,-55.53894230769231
87,-87.75
88,-70.5571380697051
89,-91.25
90,-99.75
91,-120.5
92,-118.0
93,-131.875
94,-134.375
95,-141.625
96,-141.25
97,-139.25
98,-152.75
99,-154.625
100,-155.375
101,-149.875
102,-152.5
103,-157.25
104,-153.0
105,-152.875
106,-142.625
107,-153.375
108,-146.125
109,-157.625
110,-153.625
111,-143.75
112,-157.75
113,-145.125
114,-144.875
115,-129.25
116,-148.75
117,-134.875
118,-126.875
119,-116.125
120,-124.25
121,-132.625
122,-134.375
123,-109.5
124,-84.125
125,-126.875
126,-133.875
127,-136.25
128,-114.5
129,-130.5
130,-102.625
131,-131.5
132,-112.5
133,-92.0
134,-115.75
135,-129.75
136,-123.5
137,-123.875
138,-101.375
139,-120.0
140,-120.375
141,-148.25
142,-129.5
143,-95.875
144,-137.625
145,-108.25
146,-100.0
147,-111.25
148,-100.875
149,-141.625
150,-125.875
151,-81.875
152,-107.375
153,-120.875
154,-115.375
155,-107.75
156,-88.5
157,-136.375
158,-131.25
159,-125.875
160,-131.125
161,-84.25
162,-94.125
163,-94.0
164,-130.75
170,-91.375
171,-75.375
172,-87.5
173,-123.5
174,-109.0
175,-133.875
176,-110.125
177,-116.375
178,-128.375
179,-123.25
180,-127.875
181,-131.75
182,-107.0
183,-131.0
184,-128.875
185,-90.625
186,-121.5
187,-147.0
188,-108.625
189,-88.375
190,-110.25
191,-121.75
192,-143.875
193,-113.5
194,-118.625
195,-143.125
196,-127.875
197,-118.25
198,-121.25
199,-77.875
200,-85.875
201,-97.125
202,-136.0
203,-106.125
204,-93.875
205,-105.25
206,-108.25
207,-125.50000000000001
208,-109.625
209,-112.875
210,-97.625
211,-136.0
212,-126.5
213,-128.75
214,-124.375
215,-93.625
216,-98.0
217,-105.625
218,-101.75
219,-79.25
220,-95.75
221,-95.625
222,-127.375
223,-92.375
224,-35.952284322820034
225,-40.78519144144144
226,-73.125
227,-97.0
228,-62.375
229,-47.87086786372007
230,-47.5
231,-52.99660552193646
232,-70.75
233,-130.75
234,-94.0
235,-75.125
236,-85.625
237,-107.25
238,-70.875
239,-76.625
240,-89.125
241,-68.74308236808237
242,-104.875
243,-68.5
244,-89.625
245,-94.375
246,-64.0
247,-47.248842592592595
248,-71.37463235294118
249,-79.875
255,-101.25
256,-58.375
257,-41.34971815965875
258,-83.875
259,-97.625
260,-83.125
261,-95.75
262,-59.625
263,-79.625
264,-78.5
265,-53.33814655172414
266,-73.125
267,-64.40188172043011
268,-72.625
269,-62.625
270,-78.0
271,-85.875
272,-70.75
273,-65.75
274,-78.0
275,-78.125
276,-74.75
277,-108.0
278,-123.75
279,-54.449646892655366
280,-63.536180394431554
281,-49.32468929879644
282,-65.625
283,-44.96196705426357
284,-69.375
285,-74.875
286,-62.125
287,-93.125
288,-104.625
289,-59.0
290,-87.5
291,-30.786379589632826
292,-57.1182014106583
293,-97.5
294,-80.125
295,-92.75
296,-84.125
297,-63.25
298,-64.25
299,-55.68806221889055
300,-48.340532544378696
301,-103.125
302,-89.0
303,-64.125
304,-65.49166666666667
305,-51.22332746478873
306,-63.83843816067653
307,-74.0
308,-49.06706948640483
309,-64.125
310,-94.125
311,-41.29369407158836
312,-68.0
313,-40.832173539518905
314,-98.625
315,-69.17870755370755
316,-64.15549242424242
317,-59.0
318,-59.07615740740741
319,-69.625
320,-66.5
321,-46.24345930232558
322,-76.5
323,-90.875
324,-61.375
325,-36.81134020618557
326,-67.91552985948478
327,-43.10208333333333
328,-85.5
329,-47.65007062146893
330,-54.983040745557
331,-69.625
332,-77.0
333,-44.9481308411215
334,-84.625
340,-61.0
341,-66.80953321182665
342,-38.47328470031546
343,-58.5846060311284
344,-66.41190501263691
345,-78.5
346,-68.0
347,-50.714103982300884
348,-51.875
349,-34.050011301989144
350,-49.69995229007633
351,-44.61349379292129
352,-63.75
353,-57.0
354,-97.5
355,-64.04818759342302
356,-64.23626193317422
357,-58.875
358,-79.125
359,-70.6726348263254
360,-50.16743885526979
361,-69.5
362,-50.983864709851545
363,-63.75
364,-62.75
365,-34.234511706715956
366,-60.0
367,-83.875
368,-101.0
369,-50.50896624472574
370,-89.625
371,-53.139323689416415
372,-65.875
373,-66.125
374,-58.5
375,-64.5
376,-57.25
377,-61.75
378,-30.128736162361626
379,-47.83020833333333
380,-77.125
381,-39.91625766871165
382,-65.25
383,-73.875
384,-59.75
385,-40.332186544342505
386,-67.125
387,-32.60420688545689
388,-48.60445321307779
389,-41.264459570957094
390,-59.53211559432933
391,-63.5
392,-99.5
393,-52.75
394,-53.75
395,-50.222252490660026
396,-93.0
397,-36.52142857142857
398,-66.5
399,-61.0
400,-47.574008207934334
401,-71.125
402,-64.75
403,-64.25
404,-30.80671221864952
405,-80.875
406,-30.501995798319328
407,-39.612376237623764
408,-34.64264127324749
409,-51.712853773584904
410,-73.75
411,-78.0
412,-64.75
413,-65.625
414,-40.00591397849462
415,-45.5
416,-55.125
417,-64.75
418,-67.875
419,-60.61278654641112
425,-51.03787878787878
426,-35.07202380952381
427,-54.700147637795276
428,-44.29293936446174
429,-65.5
430,-69.25
431,-60.012188586326765
432,-38.93373983739838
433,-57.5
434,-35.19140625
435,-30.878755091649694
436,-37.964613309352515
437,-97.25
438,-46.530863136176066
439,-43.33116166077738
440,-28.964922145328718
441,-18.009019370460045
442,-89.5
443,-62.625
444,-21.94672619047619
445,-64.625
446,-50.625
447,-46.875
448,-71.0
449,-59.125
450,-73.75
451,-44.375
452,-33.572793392504934
453,-51.45261470985155
454,-67.5
455,-30.87593654434251
456,-30.870947488584477
457,-53.125
458,-43.71706081081081
459,-54.91593045112782
460,-46.6365730441231
461,-28.60320796460177
462,-23.966108247422678
463,-60.24999999999999
464,-34.25212355212355
465,-25.67110148514851
466,-61.838134561891515
467,-38.49439806678383
468,-57.625
469,-73.5
470,-57.375
471,-43.65007062146893
472,-38.34953515889114
473,-22.96727965540093
474,-73.875
475,-44.82820163487738
476,-34.26169871794871
477,-27.275892857142857
478,-29.11512978142077
479,-46.25829694323144
480,-31.75769230769231
481,-66.61563670411985
482,-50.25
483,-15.230846774193548
484,-49.24412393162393
485,-34.63911215816704
486,-47.80543175487465
487,-35.45887345679013
488,-43.35511363636364
489,-49.64790372670807
490,-53.375
491,-60.125
492,-43.76784731046166
493,-28.058447488584477
494,-36.917034700315455
495,-48.375
496,-56.75
497,-37.25719696969697
498,-34.600868336025854
499,-26.628513071895423
500,-33.125
501,-51.625
502,-67.5
503,-42.44529553679131
504,-40.15076174743025
510,-28.934848484848487
511,-41.51330216989843
512,-27.005691580756015
513,-24.61439305230289
514,-34.59699844074844
515,-13.644569672131144
516,-41.26141045958796
517,-34.62710674157303
518,-43.41593045112782
519,-41.43430793991416
520,-23.844928373382626
521,-32.049077321309284
522,-96.375
523,-40.17445141065831
524,-77.75
525,-38.12593654434251
526,-45.25
527,-58.42199803149606
528,-64.99999999999999
529,-20.33107394366197
530,-59.375
531,-41.625
532,-47.72711649782923
533,-39.356189320388346
534,-23.358005617977526
535,-41.875
536,-31.158845029239767
537,-52.762011173184355
538,-49.04019919168591
539,-19.60625
540,-27.63887362637363
541,-48.465042372881356
542,-57.375
543,-42.276790745556994
544,-40.872949831162565
545,-43.23802570093457
546,-33.08814806678383
547,-22.10476694915254
548,-36.93524451939292
549,-36.36774891774891
550,-67.25
551,-40.94343929879644
552,-42.47873868138087
553,-31.22724550898204
554,-25.778399122807016
555,-33.38836833602585
556,-28.24421221864952
557,-11.924714467005078
558,-19.534417420814478
559,-24.379398148148148
560,-30.68524451939292
561,-20.26483761598858
562,-17.13069412219644
563,-36.78078515889114
564,-63.0
565,-17.03319805194805
566,-26.018695414847166
567,-52.857298951048946
568,-15.278125
569,-48.231955380577425
570,-35.625
571,-31.572748815165877
572,-11.726231716705158
573,-33.374230984340045
574,-58.00480769230769
575,-37.07410079928952
576,-27.901338475499095
577,-25.62073170731707
578,-40.047342621259034
579,-31.283876811594205
580,-32.50491329479769
581,-17.17081043956044
582,-37.36826923076923
583,-40.198260309278346
584,-15.195535714285715
585,-45.18474740932642
586,-33.239583333333336
587,-26.77458842498303
588,-14.50456081081081
589,-27.727629781420767
595,-15.78826754385965
596,-46.78028496821072
597,-16.991185897435898
598,-25.837212343096233
599,-32.98579545454545
600,-30.09400428265525
601,-22.658845029239767
602,-41.625
603,-17.943559718969553
604,-35.625
605,-60.125
606,-51.875
607,-23.169748157248158
608,-26.42462979094077
609,-47.91522988505747
610,-60.375
611,-37.0
612,-37.10399881516588
613,-56.84027777777777
614,-31.237226095617533
615,-22.076574960127594
616,-25.37518248175182
617,-32.586586757990865
618,-70.375
619,-16.161659663865546
620,-36.53262362637363
621,-14.33464765100671
622,-23.635063559322035
623,-29.109078151986182
624,-50.375
625,-27.872566371681415
626,-35.08931054771074
627,-57.875
628,-19.374062767780632
629,-25.35860148514851
630,-72.0
631,-24.59375
632,-26.090221088435374
633,-63.125
634,-20.212797619047617
635,-14.583186619718308
636,-22.27429891650733
637,-15.73641122278057
638,-27.62188940092166
639,-14.132155797101449
640,-31.67086161387632
641,-21.36304012345679
642,-12.795015822784809
643,-15.005161691542288
644,-30.2203007518797
645,-26.816066865417376
646,-10.095657276995306
647,-22.911689364461736
648,-23.444854417670683
649,-16.76964285714286
650,-21.890965583173994
651,-31.93129398592451
652,-24.80646417445483
653,-17.8495288248337
654,-6.071581196581196
655,-19.72797619047619
656,-6.992601909184726
657,-12.677358179419524
658,-10.577620967741936
659,-29.498076923076926
660,-13.816722972972972
661,-13.451478494623656
662,-14.73253446115288
663,-22.899809718969554
664,-19.240480427046265
665,-12.382102878464819
666,-21.280264886164623
667,-19.802083333333332
668,-13.33251582278481
669,-6.7040094339622645
670,-12.118573943661971
671,-25.490856031128406
672,-21.82451550387597
673,-13.57165300546448
674,-7.3561550873196655
680,-8.888411078717201
681,-10.523025456919058
682,-7.2060739436619725
683,-12.156403269754767
684,-8.741666666666665
685,-19.41195652173913
686,-13.419023722627735
687,-12.709915611814345
688,-9.769144144144143
689,-12.095657276995304
690,-10.05715240641711
691,-10.910741017964071
692,-19.924000754147812
693,-8.571581196581196
694,-16.619350282485875
695,-11.375
696,-19.805394486692016
697,-9.779103053435115
698,-21.753445674044265
699,-10.980027932960896
700,-26.463267543859647
701,-13.15748254799302
702,-13.2381498470948
703,-10.565963855421687
704,-10.825531376518217
705,-13.57165300546448
706,-12.342661691542288
707,-12.281696843082635
708,-7.820805647840532
709,-13.169852941176469
710,-10.183901515151515
711,-14.759671808832424
712,-4.492601909184726
713,-5.4926528213166135
714,-8.889471476510067
715,-16.90458619374523
716,-5.440600775193798
717,-8.739829396325458
718,-13.607832278481013
719,-1.2328140454995058
720,-11.138938848920862
721,-8.266565533980582
722,-8.526438848920865
723,-8.39150641025641
724,-7.624999999999999
725,-11.510009168704155
726,-9.1657294344473
727,-9.912277315914489
728,-7.299936386768447
729,-4.059336198662846
730,-14.3272366030881
731,-7.267714968152866
732,-11.854704301075268
733,-16.620098039215687
734,-4.514557453416149
735,-13.313141025641023
736,-8.99931693989071
737,-14.960610079575595
738,-10.674021084337348
739,-14.140388972809665
740,-6.712382075471698
741,-12.010760309278348
742,-8.643385650224214
743,-15.713205380577428
744,5.011206896551724
745,2.8091943419434195
746,2.694785031847134
747,3.6160714285714284
748,5.32517667844523
749,5.905423553719009
750,5.581976744186047
751,7.3158653846153845
752,7.4121276932826365
753,6.907655709342561
754,7.914008620689655
755,7.712609170305677
756,8.096354166666668
757,7.4902387640449435
758,7.496616972477064
759,7.478704604409857
765,7.738172043010753
766,7.934253246753246
767,7.990238764044944
768,7.353704604409858
769,6.9140442890442895
770,7.913690476190476
771,7.973937246963563
772,8.190878378378379
773,7.804813218390803
774,7.291666666666666
775,6.72983870967742
776,7.20658280085197
777,7.980787937743191
778,7.988988095238095
779,7.9921875
780,8.129091726618705
781,8.407440476190477
782,7.4527777777777775
783,7.3612155388471185
784,8.21935408921933
785,8.161673553719009
786,8.25079887218045
787,7.925095419847328
788,8.858156028368795
789,7.904891304347826
790,7.760341726618705
791,8.392628205128204
792,7.9921875
793,7.846899224806201
794,8.129965538847117
795,7.342135258358663
796,8.636378205128207
797,7.820032051282052
798,7.888172572178478
799,8.240104166666667
800,8.072115384615385
801,8.338226744186047
802,7.559615384615384
803,7.722074468085106
804,8.369548872180452
805,8.199548192771084
806,8.015255905511811
807,8.015255905511811
808,7.5636029411764705
809,8.01799789410349
810,7.78265570934256
811,8.172377622377624
812,8.434615384615384
813,7.914583333333333
814,8.692119565217391
815,6.873355263157896
816,7.182511737089202
817,7.559615384615384
818,7.998588709677419
819,7.6848776223776225
820,7.8098776223776225
821,8.240238764044944
822,7.713226744186047
823,8.364508393285371
824,7.842393410852713
825,8.111280487804878
826,7.363172043010753
827,7.1189862542955336
828,8.742002369668246
829,8.01799789410349
830,8.286673553719009
831,8.315865384615385
832,7.925095419847328
833,8.038690476190476
834,7.830027675276753
835,8.062828947368422
836,6.395027693856999
837,8.21376050420168
838,8.409590220385676
839,8.29384541984733
840,8.05054780876494
841,8.073491980474198
842,7.4182981927710845
843,8.158522727272727
844,8.240238764044944
850,8.86858407079646
851,8.148641304347827
852,7.0251849112426035
853,8.261822376009228
854,7.828345070422535
855,7.6048728813559325
856,8.338104089219332
857,7.83767667844523
858,7.835669191919192
859,7.723520755885998
860,8.419297808764941
861,8.562048192771085
862,7.713194444444444
863,7.871488764044944
864,7.5737776752767525
865,7.820032051282052
866,7.24924674267101
867,7.513831227436823
868,7.573777675276752
869,7.489684466019417
870,8.20017667844523
871,8.0625
872,7.944325313807532
873,8.64917355371901
874,7.113831227436823
875,8.322464859437751
876,7.947464859437751
877,7.97560408921933
878,8.02840909090909
879,8.384187158469945
880,7.443777870680045
881,7.505188679245283
882,7.616176470588236
883,7.419490418118467
884,7.24924789410349
885,7.867474489795918
886,8.072115384615385
887,7.66304780876494
888,7.703345070422535
889,8.338104089219332
890,8.128676470588236
891,8.03921102661597
892,7.668845419847328
893,8.366176470588236
894,7.442527675276752
895,7.799726277372263
896,8.595806962025318
897,8.299533195020746
898,8.095723684210526
899,8.239381424375917
900,7.3612155388471185
901,8.086693548387096
902,8.140255905511811
903,7.46310408921933
904,7.923464475431607
905,8.228704604409858
906,7.773706896551724
907,7.533522727272727
908,7.348622881355932
909,7.62358870967742
910,7.4828431372549025
911,7.625798872180451
912,7.865104166666667
913,7.402272727272727
914,8.42572869955157
915,7.306578947368422
916,7.957510504201681
917,7.410416666666666
918,8.18462837837838
919,7.8950812274368225
920,8.109663409337678
921,8.034590220385676
922,7.675000000000001
923,7.623588709677419
924,7.616176470588236
925,7.754965538847118
926,7.70294434194342
927,8.59659090909091
928,8.598780487804879
929,8.344507575757575
935,7.5636029411764705
936,7.842393410852713
937,7.733924129353234
938,7.975604089219331
939,7.984197154471545
940,8.78263888888889
941,8.491176470588236
942,7.692769607843138
943,8.346853913630229
944,7.744405430711611
945,7.969476744186046
946,8.047449861687415
947,7.50549674267101
948,8.22857142857143
949,7.505188679245283
950,7.672642944038929
951,8.210525836972344
952,9.534526699029128
953,7.627755905511812
954,8.128676470588236
955,7.76560534591195
956,7.808979885057472
957,7.8786764705882355
958,8.298464475431608
959,7.998588709677419
960,7.435416666666667
961,8.585525836972344
962,7.842393410852713
963,8.223937246963564
964,7.428430599369085
965,7.925095419847328
966,7.8311695624195625
967,7.3612155388471185
968,7.614684466019417
969,7.362601132686084
970,7.428430599369085
971,8.1875
972,8.083252895752896
973,8.67871485943775
974,7.2689393939393945
975,7.666666666666667
976,7.594354089219331
977,7.947115384615384
978,8.86858407079646
979,7.65796102661597
980,7.773706896551724
981,7.652807971014493
982,7.800740418118467
983,7.513831227436823
984,7.668845419847328
985,8.015255905511811
986,7.819852941176471
987,7.442527675276752
988,7.754965538847118
989,6.956922043010753
990,8.59659090909091
991,7.79429780876494
992,7.809752747252747
993,8.003676470588236
994,8.406384120171674
995,7.271865264797508
996,7.753413409337677
997,7.451035031847134
998,7.9921875
999,8.05054780876494
1000,8.764583333333334
1001,7.4470950704225345
1002,8.248724489795919
1003,7.799915158371041
1004,7.799726277372263
1005,7.723520755885998
1006,8.79447869955157
1007,9.13888888888889
1008,8.800726744186047
1009,8.70862676056338
1010,7.513831227436823
1011,8.55072869955157
1012,8.91884328358209
1013,8.310922897196262
1014,7.24924789410349
1020,8.0625
1021,8.183979885057472
1022,9.205907534246576
1023,7.463104089219331
1024,8.720723684210526
1025,7.904891304347826
1026,9.000134120171674
1027,9.369766746411482
1028,8.027807971014493
1029,9.237471198156681
1030,7.899843544137023
1031,8.057669413919413
1032,7.80625
1033,8.094476744186046
1034,7.853704604409858
1035,8.688075313807532
1036,7.853704604409858
1037,7.76560534591195
1038,8.119422043010752
1039,7.861007462686567
1040,8.217393410852713
1041,8.228704604409858
1042,7.288919413919414
1043,7.744405430711611
1044,7.850604089219331
1045,7.636438679245282
1046,7.662689393939394
1047,7.679813218390804
1048,8.262471198156682
1049,8.223937246963562
1050,7.402272727272727
1051,8.443298192771085
1052,7.885341726618705
1053,8.151926877470355
1054,7.4122262773722625
1055,8.027807971014493
1056,8.298464475431608
1057,8.015255905511811
1058,7.947115384615384
1059,8.0625
1060,7.770676877470356
1061,8.015255905511811
1062,7.798012086513995
1063,8.675872093023257
1064,8.766637864823348
1065,8.970631424375917
1066,8.586437246963563
1067,7.711437246963563
1068,8.140544871794873
1069,8.673645366218235
1070,8.692172897196262
1071,8.488382768361582
1072,7.7590059055118115
1073,8.21376050420168
1074,8.1875
1075,8.636378205128207
1076,8.420258620689655
1077,8.43125
1078,8.58251050420168
1079,8.352056962025317
1080,8.480030487804878
1081,8.448491980474198
1082,8.64375
1083,8.094476744186046
1084,8.286673553719009
1085,9.508839563862928
1086,8.664008620689655
1087,8.396836419753086
1088,7.517857142857143
1089,8.261270491803279
1090,8.32557531380753
1091,7.613988095238096
1092,7.668845419847328
1093,7.506093544137023
1094,8.038690476190476
1095,7.964473684210526
1096,8.66826923076923
1097,7.636438679245283
1098,8.37578363914373
1099,7.201241134751774
1105,7.959610215053764
1106,8.108924129353234
1107,8.86858407079646
1108,8.173012086513996
1109,9.040603913630228
1110,8.217393410852713
1111,7.965277777777778
1112,7.483988764044945
1113,7.566995614035088
1114,9.060331825037707
1115,7.711437246963563
1116,8.1875
1117,7.60445581257414
1118,8.310416666666667
1119,8.59659090909091
1120,7.80625
1121,8.263172572178478
1122,8.199548192771084
1123,8.782758620689656
1124,8.39090909090909
1125,7.679813218390804
1126,8.515544871794873
1127,8.129965538847118
1128,7.748770491803279
1129,7.627755905511812
1130,8.061063218390805
1131,8.423788759689923
1132,7.473507462686567
1133,8.596354166666668
1134,7.584027777777777
1135,8.675
1136,8.359197154471545
1137,8.123724489795919
1138,8.396836419753086
1139,7.770676877470356
1140,8.409590220385674
1141,7.3924568965517246
1142,8.086693548387096
1143,7.690865384615385
1144,7.62358870967742
1145,7.774173553719008
1146,7.329770755885998
1147,7.019490418118467
1148,8.39090909090909
1149,7.606854838709678
1150,8.017105263157895
1151,8.219354089219332
1152,7.625798872180451
1153,7.770676877470356
1154,8.11940543071161
1155,8.3546875
1156,7.703345070422535
1157,8.508522727272728
1158,7.627755905511811
1159,8.239381424375917
1160,8.129965538847117
1161,8.138831227436823
1162,7.858434466019418
1163,8.492474489795917
1164,7.760341726618705
1165,8.409590220385674
1166,8.295258620689655
1167,7.830027675276753
1168,7.590447154471545
1169,6.920508982035928
1170,7.853704604409858
1171,7.566995614035088
1172,6.735439560439561
1173,8.396836419753086
1174,7.888172572178478
1175,7.539583333333334
1176,8.015255905511811
1177,8.008569587628866
1178,7.6048728813559325
1179,8.129965538847117
1180,7.428627622377622
1181,7.415229885057472
1182,7.882048872180451
1183,7.711437246963563
1184,7.2896937086092715
1190,8.195032051282052
1191,7.32517667844523
1192,8.831543427230047
1193,8.440878378378379
1194,8.322464859437751
1195,7.3612155388471185
1196,8.198777675276752
1197,7.770676877470356
1198,8.307352941176472
1199,8.412828947368421
1200,8.600235849056602
1201,8.195032051282052
1202,8.01799789410349
1203,8.067769607843136
1204,7.947464859437751
1205,8.94366515837104
1206,7.372841726618706
1207,7.404262086513995
1208,7.905423553719009
1209,7.925095419847328
1210,7.809752747252747
1211,7.529714475431607
1212,8.158522727272727
1213,8.94366515837104
1214,7.513480392156863
1215,7.853704604409858
1216,8.248724489795919
1217,8.310416666666667
1218,7.623588709677419
1219,7.72453793774319
1220,8.111280487804878
1221,7.422252747252748
1222,7.465824468085106
1223,8.261270491803279
1224,7.615238764044944
1225,7.640840220385676
1226,7.899843544137023
1227,7.382581227436823
1228,7.065286144578313
1229,8.239381424375917
1230,6.99264705882353
1231,8.59659090909091
1232,7.7549655388471175
1233,8.05054780876494
1234,7.850613496932516
1235,7.888172572178478
1236,7.7871276932826365
1237,7.750672043010753
1238,7.861007462686567
1239,6.975613496932516
1240,7.483988764044945
1241,8.08142667844523
1242,7.448643410852713
1243,7.404262086513995
1244,7.750672043010752
1245,7.412226277372263
1246,7.570861204013378
1247,7.570861204013378
1248,7.955027675276753
1249,7.261206896551725
1250,7.7359375
1251,8.366464757709252
1252,7.236030163599183
1253,7.4106641914191425
1254,8.03921102661597
1255,8.327002895752896
1256,7.257230392156863
1257,7.502314814814815
1258,6.805681818181818
1259,7.616176470588234
1260,8.36646475770925
1261,7.646516393442623
1262,8.05054780876494
1263,7.128231424148607
1264,7.293907232704403
1265,7.164740566037736
1266,7.633258393285372
1267,7.570861204013378
1268,7.443777870680045
1269,7.239508393285372
1275,7.402272727272727
1276,7.20814393939394
1277,7.40625
1278,7.721283783783784
1279,7.744405430711611
1280,7.142313218390805
1281,7.744405430711611
1282,7.404262086513995
1283,7.9921875
1284,7.374743150684932
1285,7.5541943521594686
1286,7.187202380952381
1287,7.623588709677419
1288,8.467687246963564
1289,7.819852941176471
1290,7.923657084785134
1291,7.988988095238096
1292,8.251593137254902
1293,7.613520408163265
1294,7.486437074829932
1295,7.788419913419914
1296,7.654605263157895
1297,9.27212837837838
1298,7.297377622377622
1299,7.357270408163265
1300,7.880128205128205
1301,8.315865384615385
1302,7.934752747252747
1303,7.984197154471545
1304,8.338226744186047
1305,7.5625
1306,7.594991134751774
1307,7.7131944444444445
1308,7.722074468085107
1309,8.008569587628866
1310,8.108924129353234
1311,7.770676877470356
1312,8.295258620689655
1313,8.026926877470355
1314,8.08142667844523
1315,7.746794871794872
1316,7.5040917266187055
1317,7.747226962457338
1318,7.648706896551724
1319,8.0625
1320,7.025110375275938
1321,7.980787937743191
1322,8.123724489795919
1323,7.4945488721804505
1324,8.313795045045044
1325,8.182169913419912
1326,7.947464859437751
1327,7.668845419847328
1328,8.098937246963562
1329,7.428627622377622
1330,8.34685391363023
1331,7.334574468085107
1332,7.594991134751774
1333,8.322464859437751
1334,7.924726277372263
1335,7.5215163934426235
1336,7.697111027190332
1337,8.209027777777777
1338,7.625798872180452
1339,7.5737776752767525
1340,8.098520755885998
1341,8.183979885057472
1342,8.825109170305677
1343,7.3612155388471185
1344,7.636438679245282
1345,7.695861204013378
1346,8.182169913419912
1347,7.460669191919192
1348,7.52671102661597
1349,8.263172572178478
1350,6.6198471786833855
1351,7.839556962025316
1352,8.445752895752896
1353,7.382581227436823
1354,8.015255905511811
1360,8.55
1361,7.494422572178478
1362,7.160935954500494
1363,6.982692307692307
1364,7.969476744186046
1365,7.6908653846153845
1366,8.190845070422537
1367,8.108924129353234
1368,8.281384120171674
1369,7.314752252252252
1370,8.239381424375917
1371,7.713226744186047
1372,8.395833333333332
1373,8.151325757575759
1374,7.5636029411764705
1375,7.914583333333333
1376,7.856539145907473
1377,7.025110375275939
1378,8.217393410852713
1379,8.011378205128207
1380,8.199548192771084
1381,7.986007462686567
1382,7.113942307692307
1383,7.819852941176471
1384,7.590051925025329
1385,7.301347266035752
1386,7.776325757575758
1387,7.293907232704403
1388,7.184027777777779
1389,7.32517667844523
1390,7.835669191919192
1391,7.72453793774319
1392,8.086693548387096
1393,7.6989971346704875
1394,7.935869565217391
1395,7.741071428571429
1396,7.157347178683386
1397,8.105787937743191
1398,7.559615384615384
1399,7.820032051282051
1400,7.443777870680044
1401,8.209027777777777
1402,7.935416666666667
1403,7.27889294403893
1404,7.7131944444444445
1405,8.240466101694915
1406,7.7871276932826365
1407,7.6908653846153845
1408,7.103046724470135
1409,7.252319587628866
1410,7.934752747252747
1411,7.9966411564625846
1412,7.128231424148607
1413,8.240104166666667
1414,7.713226744186047
1415,7.800000000000001
1416,7.065824468085107
1417,8.435416666666667
1418,7.066919191919192
1419,8.253989361702128
1420,7.5127362542955325
1421,6.666312559017942
1422,6.835244648318043
1423,7.876593137254902
1424,7.484821428571428
1425,7.3013059701492535
1426,7.494548872180451
1427,6.281077981651377
1428,6.854956896551724
1429,6.983569587628867
1430,7.7590059055118115
1431,7.270155709342561
1432,7.892688679245283
1433,7.187037937743191
1434,7.9718539136302295
1435,8.492474489795917
1436,8.3125
1437,8.067119565217391
1438,7.529714475431607
1439,7.723780487804879
1445,7.958252895752896
1446,6.84924674267101
1447,7.5267110266159705
1448,7.62358870967742
1449,7.092687074829932
1450,7.1335227272727275
1451,7.00068306010929
1452,7.00068306010929
1453,7.543476277372262
1454,7.702002895752896
1455,7.5236413043478265
1456,6.727766393442623
1457,7.233176877470357
1458,7.905423553719009
1459,7.460669191919192
1460,8.015255905511811
1461,7.22983870967742
1462,8.272159090909092
1463,7.657655709342561
1464,7.866071428571428
1465,7.292943548387098
1466,7.653003246753247
1467,8.05054780876494
1468,7.435416666666667
1469,6.794002525252526
1470,7.764819587628866
1471,7.880020491803279
1472,6.8493589743589745
1473,7.458666134185304
1474,8.129965538847117
1475,7.521623563218391
1476,7.102184466019417
1477,6.278163801337154
1478,8.419297808764941
1479,7.158443708609271
1480,7.268845419847329
1481,7.4521951901565995
1482,7.998588709677419
1483,7.505188679245283
1484,7.128231424148607
1485,7.3315025252525245
1486,7.469200450450451
1487,7.830443548387096
1488,7.965277777777778
1489,7.104091726618705
1490,8.086693548387096
1491,7.9966411564625846
1492,7.101393629124005
1493,7.5737776752767525
1494,7.047454604409857
1495,6.480263845350053
1496,7.259057971014493
1497,8.073491980474198
1498,7.265266393442623
1499,7.374743150684932
1500,7.867474489795919
1501,7.301347266035752
1502,6.854956896551725
1503,6.922619047619048
1504,7.882048872180452
1505,7.37185534591195
1506,7.1189862542955336
1507,7.315845070422535
1508,7.334574468085107
1509,7.265266393442623
1510,7.893884120171673
1511,7.4182981927710845
1512,7.422252747252747
1513,7.616176470588235
1514,7.594991134751773
1515,7.383569587628866
1516,8.479091726618705
1517,6.514258982035929
1518,6.984663409337677
1519,8.391637864823348
1520,8.298645366218235
1521,7.728704604409858
1522,8.057169913419912
1523,8.206169562419563
1524,6.966591726618706
1530,8.540229885057471
1531,7.880128205128205
1532,7.570752895752896
1533,8.29384541984733
1534,7.153365384615385
1535,7.935416666666667
1536,7.382575757575758
1537,7.056426678445231
1538,8.01799789410349
1539,6.480263845350053
1540,6.974743150684931
1541,7.820032051282052
1542,8.359197154471545
1543,7.4122262773722625
1544,7.447095070422535
1545,7.134016393442623
1546,7.6046875
1547,8.060416666666667
1548,8.154300786838341
1549,6.699827981651376
1550,7.81985294117647
1551,7.2689393939393945
1552,7.428627622377622
1553,7.694078947368421
1554,6.728231424148607
1555,7.257398090815274
1556,6.996981424148608
1557,7.9921875
1558,7.717687246963562
1559,7.712752525252526
1560,7.64715909090909
1561,7.334574468085107
1562,6.986482558139535
1563,8.200575313807532
1564,8.0625
1565,7.288919413919414
1566,7.562668918918918
1567,6.918926678445231
1568,7.344200450450451
1569,6.833434466019417
1570,7.016002747252748
1571,7.679741980474199
1572,7.548563218390804
1573,8.03921102661597
1574,7.861007462686567
1575,7.579278523489933
1576,7.40140570934256
1577,7.733924129353234
1578,7.970806962025316
1579,7.259057971014493
1580,7.7131944444444445
1581,7.437828947368422
1582,7.675740418118467
1583,7.184027777777779
1584,7.713226744186047
1585,6.87441348973607
1586,7.451035031847134
1587,9.155427170868347
1588,8.543175287356322
1589,6.728231424148607
1590,7.348622881355932
1591,6.900328947368422
1592,6.649702380952381
1593,8.025134120171675
1594,7.947464859437751
1595,7.4945488721804505
1596,8.086693548387096
1597,7.776325757575758
1598,7.59328793774319
1599,7.543476277372262
1600,8.298645366218235
1601,7.675000000000001
1602,7.314611204013378
1603,8.286673553719009
1604,7.336497134670488
1605,8.083252895752896
1606,8.228704604409856
1607,7.7114372469635635
1608,8.43125
1609,8.338226744186047
1615,8.476973684210526
1616,8.129965538847117
1617,7.750672043010753
1618,7.313226744186046
1619,6.841314935064935
1620,7.39443306010929
1621,7.473507462686567
1622,6.672596153846154
1623,7.350655430711611
1624,7.888172572178478
1625,7.690865384615385
1626,6.833434466019417
1627,7.299019607843138
1628,7.127873563218391
1629,7.865104166666667
1630,8.038228699551569
1631,7.85060408921933
1632,7.818298192771085
1633,7.4470950704225345
1634,6.7700117370892015
1635,7.865104166666667
1636,7.234726962457337
1637,7.234726962457337
1638,7.6047574626865675
1639,7.058502252252252
1640,7.7359375
1641,7.702002895752896
1642,7.7359375
1643,7.484821428571428
1644,8.28296102661597
1645,8.3609375
1646,7.30625
1647,7.861007462686567
1648,7.594991134751773
1649,7.078273809523809
1650,7.703345070422535
1651,7.187202380952381
1652,7.5707528957528964
1653,6.922619047619048
1654,7.842393410852713
1655,7.865104166666667
1656,6.8966943419434195
1657,7.7871276932826365
1658,7.2173728813559315
1659,7.40140570934256
1660,8.277272727272727
1661,7.760341726618705
1662,8.060416666666667
1663,8.239381424375917
1664,8.017688679245284
1665,7.699193548387097
1666,7.410416666666666
1667,8.41304780876494
1668,6.724322376009227
1669,8.099973628691984
1670,7.615437158469946
1671,7.26875
1672,7.64715909090909
1673,7.904891304347826
1674,8.261270491803279
1675,7.944852941176471
1676,8.3125
1677,7.092687074829932
1678,7.4470950704225345
1679,8.094476744186046
1680,7.779891304347826
1681,8.253989361702128
1682,8.227056962025316
1683,8.585525836972344
1684,8.765840220385675
1685,7.78265570934256
1686,7.776325757575758
1687,7.495143629124005
1688,8.263172572178478
1689,7.134830156402737
1690,7.71267667844523
1691,8.267628205128204
1692,7.160935954500495
1693,7.59328793774319
1694,7.798012086513995
